# Created by Octave 6.4.0, Sun Feb 20 13:17:03 2022 GMT <unknown@DESKTOP-QOGU5TT>
# name: feeding_time
# type: matrix
# rows: 18
# columns: 2
 2 120
 3 113
 4 120
 5 104
 9 371
 10 300
 11 341
 201 148
 203 104
 204 105
 205 97
 206 110
 207 103
 210 100
 211 100
 212 99
 213 95
 214 94


